8		6
2		6		0		2		0
3		0		0		7		10		2		0
3		8		20		1		0		3		0
3		9		20		2		0		4		0
3		10		10		3		0		5		0
2		4		0		11		0		
3		0		0		7		10		12		0
4		6		10		13		10		8		20		1		10
4		7		20		14		20		9		20		2		20
4		8		20		15		20		10		20		3		20
4		9		20		16		10		11		10		4		10
3		10		10		5		0		17		0		
3		13		10		6		0		18		0		
4		12		10		7		10		14		20		19		10
4		13		20		15		20		8		20		20		20
4		14		20		21		20		16		20		9		20
4		15		20		22		10		17		10		10		10
3		11		0		23		0		16		10		
2		19		0		12		0				
3		18		0		13		10		20		10		
4		19		10		26		0		21		10		14		20
4		20		10		22		10		27		0		15		20
3		21		10		23		0		16		10		
2		22		0		17		0				
2		25		0		30		0				
3		24		0		31		10		26		10		
4		25		10		20		0		27		10		32		20
4		26		10		28		5		33		20		21		0
3		27		10		29		0		34		10		
2		 28		0		35		0				
3		24		0		31		10		36		0		
4		30		10		32		20		37		10		25		10
4		31		20		33		20		38		20		26		20
4		32		20		34		20		39		20		27		20
4		33		20		35		10		28		10		40		10
3		29		0		41		0		34		10		
3		30		0		37		10		42		0		
4		36		10		38		20		31		10		43		10
4		37		20		39		20		44		20		32		20
4		38		20		40		20		45		20		33		20
4		39		20		41		10		34		10		46		10
3		40		10		35		0		47		0		
2		43		0		36		0			
3		42		0		44		0		37		10
3		43		0		45		0		38		20
3		44		0		46		0		39		20
3		45		0		47		0		40		10
2		41		0		46		0			

qtd adj	1oAdj	1oPeso	2oAdj	2oPeso	3oAdj	3oPeso	4oAdj	4oPeso

CADA LINHA DÈPOIS DA PRIMEIRA EH UM NO	